       0.773705614469083        -1.449971826569616
       1.000000000000000         0.000000000000000
       1.386852807234542        -0.724985913284808
       1.613147192765459         0.724985913284808
       2.386852807234542        -0.724985913284808
       2.613147192765459         0.724985913284808
       2.934264036172708        -3.624929566424042
       3.386852807234542        -0.724985913284808
       3.934264036172708        -3.624929566424042
       4.386852807234542        -0.724985913284808
       6.613147192765458         0.724985913284808
       7.292030349358210         5.074901392993659
       7.576497722987207       -12.324760525841743
       7.707969650641791        -5.074901392993658
       9.970913505950961         9.424816872702509
      10.029086494049041        -9.424816872702507
      10.576497722987208       -12.324760525841741
      12.350203337456289       -13.774732352411359
      12.897614566394457       -16.674676005550591
      15.897614566394457       -16.674676005550591
      17.671320180863539       -18.124647832120207
      17.860965096616205       -29.724422444677142
      17.897614566394456       -16.674676005550591
      18.218731409801705       -21.024591485259439
      18.970913505950961         9.424816872702509
      19.350203337456293       -13.774732352411355
      21.539848253208955       -25.374506964968290
      21.576497722987206       -12.324760525841743
      24.860965096616205       -29.724422444677142
      25.598021241307038       -44.224140710373305
      40.860965096616205       -29.724422444677142
      42.824315626837958       -42.774168883803689
      44.429899843874203       -64.523746282347943
      61.292030349358214         5.074901392993659
      70.350203337456293       -13.774732352411355
      73.809189675379528       -87.723295507461813
      78.328679819136454        18.124647832120207
      82.365329288914722        31.174394271246761
      82.852236712019192      -151.522055876524945
     116.194877073746270      -187.771351540765352
     117.158227603968015      -200.821097979891903
     138.438628228471231        57.273887149499863
     140.029086494049039        -9.424816872702509
     146.552643386931777      -179.071520581347642
     148.350203337456293       -13.774732352411355
     172.311223049942441      -225.470619031575382
     193.475277698249471        70.323633588626407
     215.162889239439238       196.471182500183062
     231.623611508752674      -351.618167943131994
     359.037814878646088       112.372816559145306
     459.058743510620502      -592.313491153688346
     501.145432470245225       -47.124084363512537
     509.132042450177039      -566.213998275435301
     596.220467341191920      -495.165378773524083
     616.543320115989331      -973.656081541497542
     699.634075824739853      -703.961321799548841
     831.231526543524524      -174.721605101638801
    1015.236783065341228       895.357602906738293
    1055.779532658808193       495.165378773524139
    1101.676527975034105     -1440.547009696914074
    1116.322282252275045        94.973154640309886
    1204.262324605140748     -1904.537994199191417
    1294.156491672577658       273.319689308372688
    1449.827836217264576      1501.445826412838187
    1590.053535716449915       830.108870711105510
    1844.517778576189812      1826.239515564432168
    2175.386852807234391        -0.724985913284855
    2704.930743445745975     -1547.844924863065899
    2751.596334037563338      2922.418216451062563
    2759.426330525801859     -4101.245311452160422
    3043.981875252991813     -4655.134549201754453
    3129.140770834774230      -444.416364843587417
    3857.832995283788932     -2413.478105325126762
    3970.354913700574343      2876.019118000834624
    4241.489760035716245     -3050.015737189188712
    4906.757911685196632     -4457.938380788286850
    5466.175586917869623     -4942.228970862538517
    5568.464813382262946       422.666787445043440
    5692.983611184381516     -5129.275336490019072
    6768.029183949341132      4975.578322873639991
    7198.257809152608388      5175.674434940247011
    9409.143501628272134     -9542.989576567930271
    9518.423209911135928    -14942.684658713184035
    9586.414676437125308     -5094.476012652347890
   15482.458318360109843     -4485.487845493108580
   16700.956343867783289    -31092.470863045575243
   16818.347072568201838     18382.017831336317613
   18173.234403519960324     -1795.790107206469884
   18463.794317516745650    -16907.396483715012437
   18544.295463639082300    -32672.940154006457306
   22270.949205231641827    -39165.913993385198410
   24924.865080573388695      2187.282500380266811
